Table 2
Be:    0.40617230208026206
Table 3
BeSin:    5.66033214178627
N2Sin:    12.350574614924486
